00110011010100000000000011101111
00110110000100000000000011101111
11111111111111110000001010110111
00000000010000101010001010000011
00000011000100000000001100010011
00000000011000101000111001100011
00000011001000000000001100010011
00000010011000101000001001100011
00001111101000000000010100010011
00000010000000000000100010010011
00000000000000000000000001110011
11111101110111111111000001101111
00000000000100000000001010010011
00001111110000010000001100010111
11111110010100110010000000100011
00000001010000000000000001101111
00000000001000000000001010010011
00001111110000010000001100010111
11111100010100110010100000100011
00000000010000000000000001101111
11111111111111110000001010110111
00000000000000101010000000100011
00000000010000000000000001101111
00000000000100000000001010010011
00001111110000010000001100010111
11111010010100110010111000100011
11111111111100000000001010010011
00001111110000010000001100010111
11111010010100110010101000100011
00001111110000010000001100010111
11111010000000110010111000100011
00001111110000010000001100010111
11111010000000110010100000100011
00000000000000000000010000010011
00000000000000000000010010010011
00001111110000010000100100010111
11111000110010010010100100000011
00001111110000010000100110010111
11111000100010011010100110000011
00000000110100000000101000010011
00000000110100000000101010010011
00000010000000000000101100010011
00000000000000000000101110010011
00101000100100000000000011101111
00001111110000010000010100010111
11110111010001010010010100000011
00000000000100000000010110010011
00010011000100000000000011101111
00001111110000010000010100010111
11110110100001010010010100000011
00000011011000000000010110010011
00010010000100000000000011101111
00000000110100000000010100010011
00000001010000000000010110110011
00001111110000010000011000010111
11110011000001100010011000000011
00000000000000000000011010010011
00000100010100000000000011101111
00000011001000000000010100010011
00000001010100000000010110110011
00001111110000010000011000010111
11110001100001100010011000000011
00000000000000000000011010010011
00000010110100000000000011101111
00111110100000000000010100010011
00000010000000000000100010010011
00000000000000000000000001110011
00000000010000000000000001101111
00010001010000000000000011101111
00101010010000000000000011101111
00000000110100000000010100010011
00000001010000000000010110110011
00001111110000010000011000010111
11101110100001100010011000000011
00000000100000000000011010110011
01111111110000000000000011101111
00000000101000000000101000110011
00000000101100000000010000110011
00001111110000010000001010010111
11101101110000101010001010000011
00000000000100000000001100010011
00000100011000101001000001100011
00001111110000010000001010010111
11101110010000101010001010000011
11111111111100101000001010010011
00001111110000010000001100010111
11101100010100110010110000100011
00000010010100000100010001100011
00001111110000010000001010010111
11101101000000101010001010000011
00001111110000010000001100010111
11101100010100110010001000100011
00000000001010101000001100010011
00000001011100110100011001100011
00000000000100000000010010010011
00000000100000000000000001101111
00000000001000000000010010010011
00000011001000000000010100010011
00000001010100000000010110110011
00001111110000010000011000010111
11100111110001100010011000000011
00000000100100000000011010110011
01111001000000000000000011101111
00000000101000000000101010110011
00000000101100000000010010110011
00000000001000000000001010010011
00000010010100000101011001100011
00000000101000000000010100010011
00000010000000000000100010010011
00000000000000000000000001110011
11111111111100101000001010010011
11111111111111110000001100110111
00000000000000110010001100000011
11111110011000000101001011100011
00000001000000000000000011101111
11111111111111110000001100110111
00000000000000110010000000100011
11110011110111111111000001101111
11111111111111110000001010110111
00000000010000101010001010000011
00000111011100000000001100010011
00000000011000101001011001100011
00000000000100000000010000010011
00000011010000000000000001101111
00000111001100000000001100010011
00000000011000101001011001100011
00000000001000000000010000010011
00000010010000000000000001101111
00000110111100000000001100010011
00000000011000101001011001100011
00000000000100000000010010010011
00000001010000000000000001101111
00000110110000000000001100010011
00000000011000101001011001100011
00000000001000000000010010010011
00000000010000000000000001101111
00000000000000001000000001100111
00000000000000000000001010010011
00011110010110110000100001100011
00000011111100000000001010010011
00100010010110110000000001100011
00000000111000000000001010010011
00000000010110110000100001100011
00000011000100000000001010010011
00000000010110110000111001100011
00000011010000000000000001101111
00000011010010111100100001100011
00000000010110100000001010010011
00000011011100101100010001100011
00000000000100000000100100010011
00000010010000000000000001101111
00000001010110111100111001100011
00000000010100000000001010010011
00000000010110101000001010110011
00000001011100101100100001100011
01000001010110111000001010110011
11111111111100000000100100010011
00000000100000000000000001101111
00010000100000000000000001101111
00000101000000000000010100010011
00000101000000000000010110010011
00000010000000000000011000010011
00000111111100000000011010010011
00000001111100000000100010010011
00000000000000000000000001110011
00001111110000010000001010010111
11011010000000101010001010000011
00001111110000010000001100010111
11011000010100110010101000100011
01000001010010111000001010110011
00000000000000000000001100010011
00000010011000101000011001100011
00000000000100000000001100010011
00000100011000101000000001100011
00000000001000000000001100010011
00000100011000101000101001100011
00000000001100000000001100010011
00000110011000101000010001100011
00000000010000000000001100010011
00000110011000101000111001100011
00000000010100000000001100010011
00001000011000101000100001100011
00000000000000000000100110010011
00001111110000010000001010010111
11010101001100101010000000100011
11111111111100000000100110010011
00001111110000010000001010010111
11010011001100101010110000100011
00001001000000000000000001101111
00000000000100000000100110010011
00001111110000010000001010010111
11010011001100101010001000100011
11111111111100000000100110010011
00001111110000010000001010010111
11010001001100101010111000100011
00000111010000000000000001101111
00000000001000000000100110010011
00001111110000010000001010010111
11010001001100101010010000100011
11111111111100000000100110010011
00001111110000010000001010010111
11010001001100101010000000100011
00000101100000000000000001101111
00000000001100000000100110010011
00001111110000010000001010010111
11001111001100101010011000100011
00000000000100000000100110010011
00001111110000010000001010010111
11001111001100101010001000100011
00000011110000000000000001101111
00000000010000000000100110010011
00001111110000010000001010010111
11001101001100101010100000100011
00000000000100000000100110010011
00001111110000010000001010010111
11001101001100101010010000100011
00000010000000000000000001101111
00000000010100000000100110010011
00001111110000010000001010010111
11001011001100101010101000100011
00000000000100000000100110010011
00001111110000010000001010010111
11001011001100101010011000100011
00000000010000000000000001101111
00000001111100000000001010010011
00000000010110111000011001100011
00000000000000000000001010010011
00000010010110111001010001100011
00000000000100000000001010010011
00000011001100101100000001100011
00001111110000010000001010010111
11001000100000101010001010000011
11111111111100000100001100010011
00000000011000101100001010110011
00000000000100101000001010010011
00001111110000010000001100010111
11000110010100110010101000100011
00000000000000001000000001100111
11111111110000010000000100010011
00000000000100010010000000100011
00000001011000000000010100110011
00000001011100000000010110110011
00001111110000010000011000010111
11000011110001100010011000000011
01101011010000000000000011101111
00000001001010110000101100110011
11111111111100000000001010010011
00000000010110011000100110110011
00000001001100000100110001100011
00001111110000010000001010010111
11000011110000101010001010000011
00000000010110111000101110110011
00001111110000010000100110010111
11000010110010011010100110000011
00000001011000000000010100110011
00000001011100000000010110110011
00001111110000010000011000010111
11000000000001100010011000000011
01100111110000000000000011101111
00000000000000010010000010000011
00000000010000010000000100010011
00000000000000001000000001100111
00001111110000010000001010010111
11000001000000101010001010000011
00000000000100101000001010010011
00001111110000010000001100010111
11000000010100110010001000100011
00000000000100000000001010010011
00001111110000010000001100010111
10111110010100110010010000100011
01010101010000000001000011101111
00001111110000010000001010010111
10111110110000101010001010000011
00000000101000000000001100010011
00000100011000101000111001100011
00000011110000000000000001101111
00001111110000010000001010010111
10111101010000101010001010000011
00000000000100101000001010010011
00001111110000010000001100010111
10111100010100110010010000100011
11111111111100000000001010010011
00001111110000010000001100010111
10111010010100110010100000100011
01010001110000000001000011101111
00001111110000010000001010010111
10111011000000101010001010000011
00000000101000000000001100010011
00000010011000101000001001100011
00000000010000000000000001101111
00000101000000000000010100010011
00010010110000000000010110010011
00000111100100000000011000010011
00000111111100000000011010010011
00000001111100000000100010010011
00000000000000000000000001110011
10111011110111111111000001101111
01101001000000000000000011101111
00001111110000010000001010010111
10110111110000101010001010000011
00000000101000000000001100010011
00000100011000101001111001100011
00000010000100000000010100010011
00000000010100000000010110010011
00000000000101011000010110010011
00001111110000010000011000010111
10110011110001100010011000000011
01011011100000000000000011101111
00000010000100000000010100010011
00000000000101010000010100010011
00000000010100000000010110010011
00001111110000010000011000010111
10110010010001100010011000000011
00000000010100000000011010010011
00000000010101101000011010010011
01100000000000000000000011101111
00000010000100000000010100010011
00000000010100000000010110010011
00000000010101011000010110010011
00001111110000010000011000010111
10110000010001100010011000000011
00000000001001010000011010010011
01011001110000000000000011101111
00001100100000000000000001101111
00000010000100000000010100010011
00000000010100000000010110010011
00000000000101011000010110010011
00001111110000010000011000010111
10101110010001100010011000000011
01010110000000000000000011101111
00000010000100000000010100010011
00000000000101010000010100010011
00000000010100000000010110010011
00001111110000010000011000010111
10101100110001100010011000000011
00000000001001010000011010010011
01010110010000000000000011101111
00000010000100000000010100010011
00000000010001010000010100010011
00000000010100000000010110010011
00000000000101011000010110010011
00001111110000010000011000010111
10101010110001100010011000000011
01010010100000000000000011101111
00000010000100000000010100010011
00000000001101010000010100010011
00000000010100000000010110010011
00000000001001011000010110010011
00001111110000010000011000010111
10101001000001100010011000000011
01010000110000000000000011101111
00000010000100000000010100010011
00000000001001010000010100010011
00000000010100000000010110010011
00000000001101011000010110010011
00001111110000010000011000010111
10100111010001100010011000000011
01001111000000000000000011101111
00000010000100000000010100010011
00000000000101010000010100010011
00000000010100000000010110010011
00000000010001011000010110010011
00001111110000010000011000010111
10100101100001100010011000000011
01001101010000000000000011101111
00000010000100000000010100010011
00000000010100000000010110010011
00000000010101011000010110010011
00001111110000010000011000010111
10100100000001100010011000000011
00000000010001010000011010010011
01001101100000000000000011101111
00000000010000000000000001101111
00000001101000000000010100010011
00000000010100000000010110010011
00001111110000010000011000010111
10100010010001100010011000000011
00000000010100000000011010010011
00000000010101101000011010010011
01010000000000000000000011101111
00000001101000000000010100010011
00000000010001010000010100010011
00000000010100000000010110010011
00000000000101011000010110010011
00001111110000010000011000010111
10100000000001100010011000000011
00000000001001011000011010010011
01001110000000000000000011101111
00000001101000000000010100010011
00000000000101010000010100010011
00000000010100000000010110010011
00000000001101011000010110010011
00001111110000010000011000010111
10011110000001100010011000000011
00000000001001010000011010010011
01000111100000000000000011101111
00000001101000000000010100010011
00000000000101010000010100010011
00000000010100000000010110010011
00001111110000010000011000010111
10011100010001100010011000000011
00000000001101010000011010010011
01000101110000000000000011101111
00000001010100000000010100010011
00000001000000000000010110010011
00001111110000010000011000010111
10011010110001100010011000000011
00000000001001011000011010010011
01001000110000000000000011101111
00000001010100000000010100010011
00000000000101010000010100010011
00000001000000000000010110010011
00000000001101011000010110010011
00001111110000010000011000010111
10011000110001100010011000000011
00000000000101011000011010010011
01000110110000000000000011101111
00000001010100000000010100010011
00000000001001010000010100010011
00000001000000000000010110010011
00000000010101011000010110010011
00001111110000010000011000010111
10010110110001100010011000000011
00111110100000000000000011101111
00000001010100000000010100010011
00000000001101010000010100010011
00000001000000000000010110010011
00000000001101011000010110010011
00001111110000010000011000010111
10010101000001100010011000000011
00000000000101011000011010010011
01000011000000000000000011101111
00000001010100000000010100010011
00000000010001010000010100010011
00000001000000000000010110010011
00000000010101011000010110010011
00001111110000010000011000010111
10010011000001100010011000000011
00111010110000000000000011101111
00000001010100000000010100010011
00000000010101010000010100010011
00000001000000000000010110010011
00000000001101011000010110010011
00001111110000010000011000010111
10010001010001100010011000000011
00000000000101011000011010010011
00111111010000000000000011101111
00000001010100000000010100010011
00000000011001010000010100010011
00000001000000000000010110010011
00001111110000010000011000010111
10001111100001100010011000000011
00000000001001011000011010010011
00111101100000000000000011101111
00000001010100000000010100010011
00000000100001010000010100010011
00000001000000000000010110010011
00001111110000010000011000010111
10001101110001100010011000000011
00000000010001010000011010010011
00110111010000000000000011101111
00000001010100000000010100010011
00000000100001010000010100010011
00000000001001010000010100010011
00000001000000000000010110010011
00001111110000010000011000010111
10001011110001100010011000000011
00000000010101011000011010010011
00111001110000000000000011101111
00000001010100000000010100010011
00000000100001010000010100010011
00000001000000000000010110010011
00000000010101011000010110010011
00001111110000010000011000010111
10001001110001100010011000000011
00000000010001010000011010010011
00110011010000000000000011101111
00000001010100000000010100010011
00000000111001010000010100010011
00000001000000000000010110010011
00001111110000010000011000010111
10001000000001100010011000000011
00000000010101011000011010010011
00110110000000000000000011101111
00000001010100000000010100010011
00000000111001010000010100010011
00000000000101010000010100010011
00000001000000000000010110010011
00001111110000010000011000010111
10000110000001100010011000000011
00000000000101011000011010010011
00110100000000000000000011101111
00000001010100000000010100010011
00000000111001010000010100010011
00000000001001010000010100010011
00000001000000000000010110010011
00000000001001011000010110010011
00001111110000010000011000010111
10000011110001100010011000000011
00000000000101011000011010010011
00110001110000000000000011101111
00000001010100000000010100010011
00000000111001010000010100010011
00000000001101010000010100010011
00000001000000000000010110010011
00000000010001011000010110010011
00001111110000010000011000010111
10000001100001100010011000000011
00000000000101011000011010010011
00101111100000000000000011101111
00000001010100000000010100010011
00000000111001010000010100010011
00000000010001010000010100010011
00000001000000000000010110010011
00001111110000001111011000010111
01111111100001100010011000000011
00000000010101011000011010010011
00101101100000000000000011101111
00000001010100000000010100010011
00000001010001010000010100010011
00000001000000000000010110010011
00001111110000001111011000010111
01111101110001100010011000000011
00000000010001010000011010010011
00100111010000000000000011101111
00000001010100000000010100010011
00000001010001010000010100010011
00000001000000000000010110010011
00001111110000001111011000010111
01111100000001100010011000000011
00000000000101011000011010010011
00101010000000000000000011101111
00000001010100000000010100010011
00000001010001010000010100010011
00000001000000000000010110010011
00000000001001011000010110010011
00001111110000001111011000010111
01111010000001100010011000000011
00000000001001010000011010010011
00100011100000000000000011101111
00000001010100000000010100010011
00000001010001010000010100010011
00000000001001010000010100010011
00000001000000000000010110010011
00000000001101011000010110010011
00001111110000001111011000010111
01110111110001100010011000000011
00000000000101010000011010010011
00100001010000000000000011101111
00000001010100000000010100010011
00000001010001010000010100010011
00000000010001010000010100010011
00000001000000000000010110010011
00000000001101011000010110010011
00001111110000001111011000010111
01110101100001100010011000000011
00000000001001011000011010010011
00100011100000000000000011101111
00000001010100000000010100010011
00000001010001010000010100010011
00000001000000000000010110010011
00000000010101011000010110010011
00001111110000001111011000010111
01110011100001100010011000000011
00000000010001010000011010010011
00011101000000000000000011101111
00000000000000000001010100110111
10111011100001010000010100010011
00000010000000000000100010010011
00000000000000000000000001110011
00001011000000000001000011101111
00000000101000000000010100010011
00000010000000000000100010010011
00000000000000000000000001110011
11111111111111110000001010110111
00000000000000101000001010010011
11111110000000101000011011100011
00000000010000000000000001101111
00001111110000001111001010010111
01110000000000101010111000100011
00001111110000001111001010010111
01110000000000101010110000100011
00001000000000000001000011101111
00000111000000000001000011101111
00100001010000000000000011101111
11101101110011111111000001101111
11111110110000010000000100010011
00000000000100010010000000100011
00000000100000010010001000100011
00000000100100010010010000100011
00000001001000010010011000100011
00000001001100010010100000100011
00000000101000000000010000110011
00000000101100000000010010110011
00000000110000000000100100110011
00000000110100000000100110110011
00000000000000000000001010010011
00000101001100101000110001100011
00000000001000000000001010010011
00000011001100101000011001100011
00000000100000000000010100110011
00000000100100000000010110110011
00000000010101011000010110010011
00001111110000001111011000010111
01101001100001100010011000000011
00010001000000000000000011101111
00000000000000000000001010010011
00000010010101001000100001100011
11111111111101001000010010010011
00000010110000000000000001101111
00000000100000000000010100110011
00000000100100000000010110110011
00001111110000001111011000010111
01100111010001100010011000000011
00001110110000000000000011101111
00000001101000000000001010010011
00000000010101001000011001100011
00000000000101001000010010010011
00000000100000000000000001101111
00000000000000000000100110010011
00000000100000000000010100110011
00000000100100000000010110110011
00000001001000000000011000110011
00000000010100000000001010010011
00000000010101011000011010110011
00010010100000000000000011101111
00000000100100000000010100110011
00000001001100000000010110110011
00000000000000010010000010000011
00000000010000010010010000000011
00000000100000010010010010000011
00000000110000010010100100000011
00000001000000010010100110000011
00000001010000010000000100010011
00000000000000001000000001100111
11111111000000010000000100010011
00000000000100010010000000100011
00000000100000010010001000100011
00000000100100010010010000100011
00000000101000010010011000100011
00000000101000000000010000110011
00000000101100000000010010110011
00000000010100000000001010010011
00000010100000101101101001100011
00000000011000000000001010010011
01000000010101000000001010110011
00000000000100000000001100010011
00000000011000101001001010110011
00000000100100101000010100110011
00000000001100000000010110010011
00001111110000001111011000010111
01011101100001100010011000000011
00000101010000000000000011101111
11111111111101000000010000010011
00000000011000000000001010010011
11111100010101000101101011100011
00000010000001000000011001100011
11111111111101000000001010010011
00000000000100000000001100010011
00000000011000101001001010110011
00000000100100101000010100110011
00000000000100000000010110010011
00001111110000001111011000010111
01011010100001100010011000000011
00000010010000000000000011101111
11111111111101000000010000010011
11111101100111111111000001101111
00000000000000010010000010000011
00000000010000010010010000000011
00000000100000010010010010000011
00000000110000010010010100000011
00000001000000010000000100010011
00000000000000001000000001100111
00000000011000000000001010010011
00000000010101011001001010110011
00000000010101010000001100110011
00000000001000000000001010010011
00000000010100110001001100110011
00000000001100110000001100110011
00000000110000110010000000100011
00000000000000001000000001100111
11111111000000010000000100010011
00000000000100010010000000100011
00000000100000010010001000100011
00000000100100010010010000100011
00000001001000010010011000100011
01000000101001101000010000110011
00000000101000000000010010110011
00000000000000000000100100010011
00000000100001001000010100110011
11111011110111111111000011101111
11111111111101000000010000010011
11111111001001000101101011100011
00000000000000010010000010000011
00000000010000010010010000000011
00000000100000010010010010000011
00000000110000010010100100000011
00000001000000010000000100010011
00000000000000001000000001100111
11111111000000010000000100010011
00000000000100010010000000100011
00000000100000010010001000100011
00000000100100010010010000100011
00000001001000010010011000100011
01000000101101101000010000110011
00000000101100000000010010110011
00000000000000000000100100010011
00000000100001001000010110110011
11110111010111111111000011101111
11111111111101000000010000010011
11111111001001000101101011100011
00000000000000010010000010000011
00000000010000010010010000000011
00000000100000010010010010000011
00000000110000010010100100000011
00000001000000010000000100010011
00000000000000001000000001100111
00001111110000001111001010010111
01001101000000101010001010000011
00000000000000000010001100110111
00000000000000110000001100010011
00000000010000000000001110010011
00000000010000000000001110010011
01000000011100110000001100110011
00000000001100110000111000110011
00000000010111100010000000100011
00000000000000110000010001100011
11111110110111111111000001101111
00000000000000001000000001100111
11111111110000010000000100010011
00000000000100010010000000100011
00000000101000000000010100010011
00000000000100000000010110010011
00001111110000001111011000010111
01001001010001100010011000000011
00000011010100000000011010010011
11110010010111111111000011101111
00000000101000000000010100010011
00000000000100000000010110010011
00000000000101011000010110010011
00001111110000001111011000010111
01000111110001100010011000000011
00000011010100000000011010010011
11110000100111111111000011101111
00000000101000000000010100010011
00000000000100000000010110010011
00000000001001011000010110010011
00001111110000001111011000010111
01000110010001100010011000000011
00000011010100000000011010010011
11101110110111111111000011101111
00000000101000000000010100010011
00000000110000000000010110010011
00001111110000001111011000010111
01000100010001100010011000000011
00000011010100000000011010010011
11101101010111111111000011101111
00000000101000000000010100010011
00000000110000000000010110010011
00000000000101011000010110010011
00001111110000001111011000010111
01000010110001100010011000000011
00000011010100000000011010010011
11101011100111111111000011101111
00000000101000000000010100010011
00000000110000000000010110010011
00000000001001011000010110010011
00001111110000001111011000010111
01000001010001100010011000000011
00000011010100000000011010010011
11101001110111111111000011101111
00000001010100000000010100010011
00000000010100000000010110010011
00001111110000001111011000010111
00111110110001100010011000000011
00000000010100000000011010010011
00000000010101101000011010010011
11101100100111111111000011101111
00000001010100000000010100010011
00000000010001010000010100010011
00000000010100000000010110010011
00000000000101011000010110010011
00001111110000001111011000010111
00111100100001100010011000000011
00000000001001011000011010010011
11101010100111111111000011101111
00000001010100000000010100010011
00000000000101010000010100010011
00000000010100000000010110010011
00000000001101011000010110010011
00001111110000001111011000010111
00111010100001100010011000000011
00000000001001010000011010010011
11100100000111111111000011101111
00000001010100000000010100010011
00000000000101010000010100010011
00000000010100000000010110010011
00001111110000001111011000010111
00111000110001100010011000000011
00000000001101010000011010010011
11100010010111111111000011101111
00000001010100000000010100010011
00000000011001010000010100010011
00000000010100000000010110010011
00001111110000001111011000010111
00110111000001100010011000000011
00000000010100000000011010010011
00000000010101101000011010010011
11100100110111111111000011101111
00000001010100000000010100010011
00000000101001010000010100010011
00000000010100000000010110010011
00001111110000001111011000010111
00110101000001100010011000000011
00000000010100000000011010010011
00000000010101101000011010010011
11100010110111111111000011101111
00000001010100000000010100010011
00000000011001010000010100010011
00000000010100000000010110010011
00001111110000001111011000010111
00110011000001100010011000000011
00000000001101010000011010010011
11011100100111111111000011101111
00000001010100000000010100010011
00000000011001010000010100010011
00000000010100000000010110010011
00000000010101011000010110010011
00001111110000001111011000010111
00110001000001100010011000000011
00000000001101010000011010010011
11011010100111111111000011101111
00000001010100000000010100010011
00000000110001010000010100010011
00000000010100000000010110010011
00001111110000001111011000010111
00101111010001100010011000000011
00000000010100000000011010010011
00000000010101101000011010010011
11011101000111111111000011101111
00000001010100000000010100010011
00000000110101010000010100010011
00000000010100000000010110010011
00001111110000001111011000010111
00101101010001100010011000000011
00000000000101011000011010010011
11011011010111111111000011101111
00000001010100000000010100010011
00000000111001010000010100010011
00000000010100000000010110010011
00000000001001011000010110010011
00001111110000001111011000010111
00101011010001100010011000000011
00000000000101011000011010010011
11011001010111111111000011101111
00000001010100000000010100010011
00000000111101010000010100010011
00000000010100000000010110010011
00000000010001011000010110010011
00001111110000001111011000010111
00101001010001100010011000000011
00000000000101011000011010010011
11010111010111111111000011101111
00000001010100000000010100010011
00000001000001010000010100010011
00000000010100000000010110010011
00001111110000001111011000010111
00100111100001100010011000000011
00000000010100000000011010010011
00000000010101101000011010010011
11010101010111111111000011101111
00000001010100000000010100010011
00000001001001010000010100010011
00000000010100000000010110010011
00001111110000001111011000010111
00100101100001100010011000000011
00000000010100000000011010010011
00000000010101101000011010010011
11010011010111111111000011101111
00000001010100000000010100010011
00000001001101010000010100010011
00000000010100000000010110010011
00000000010101011000010110010011
00001111110000001111011000010111
00100011010001100010011000000011
00000000001101010000011010010011
11001100110111111111000011101111
00000001010100000000010100010011
00000001001101010000010100010011
00000000010100000000010110010011
00001111110000001111011000010111
00100001100001100010011000000011
00000000001101010000011010010011
11001011000111111111000011101111
00000001010100000000010100010011
00000001010001010000010100010011
00000000010100000000010110010011
00000000001101011000010110010011
00001111110000001111011000010111
00011111100001100010011000000011
00000000001001010000011010010011
11001001000111111111000011101111
00000001010100000000010100010011
00000001011001010000010100010011
00000000010100000000010110010011
00000000010001011000010110010011
00001111110000001111011000010111
00011101100001100010011000000011
11000101010111111111000011101111
00000000110000000000010100010011
00000001000000000000010110010011
00001111110000001111011000010111
00011100010001100010011000000011
00000000010001011000011010010011
11001010010111111111000011101111
00000000110000000000010100010011
00000000001101010000010100010011
00000001000000000000010110010011
00000000000101011000010110010011
00001111110000001111011000010111
00011010010001100010011000000011
00000000000101011000011010010011
11001000010111111111000011101111
00000000110000000000010100010011
00000000000101010000010100010011
00000001000000000000010110010011
00001111110000001111011000010111
00011000100001100010011000000011
00000000001001010000011010010011
11000010000111111111000011101111
00000000110000000000010100010011
00000000000101010000010100010011
00000001000000000000010110010011
00000000001001011000010110010011
00001111110000001111011000010111
00010110100001100010011000000011
00000000001001010000011010010011
11000000000111111111000011101111
00000000110000000000010100010011
00000000010101010000010100010011
00000001000000000000010110010011
00001111110000001111011000010111
00010100110001100010011000000011
00000000010001011000011010010011
11000010110111111111000011101111
00000000110000000000010100010011
00000000011101010000010100010011
00000001000000000000010110010011
00001111110000001111011000010111
00010011000001100010011000000011
00000000010001011000011010010011
11000001000111111111000011101111
00000000110000000000010100010011
00000000011101010000010100010011
00000001000000000000010110010011
00000000001001011000010110010011
00001111110000001111011000010111
00010001010001100010011000000011
10111000110111111111000011101111
00000000110000000000010100010011
00000000011001010000010100010011
00000001000000000000010110010011
00001111110000001111011000010111
00001111100001100010011000000011
10110111010111111111000011101111
00000000110000000000010100010011
00000000011001010000010100010011
00000001000000000000010110010011
00000000001001011000010110010011
00001111110000001111011000010111
00001101110001100010011000000011
10110101100111111111000011101111
00000000110000000000010100010011
00000000100101010000010100010011
00000001000000000000010110010011
00001111110000001111011000010111
00001100010001100010011000000011
00000000010001011000011010010011
10111010010111111111000011101111
00000000110000000000010100010011
00000000101001010000010100010011
00000001000000000000010110010011
00001111110000001111011000010111
00001010100001100010011000000011
10110010010111111111000011101111
00000000110000000000010100010011
00000000101001010000010100010011
00000001000000000000010110010011
00000000001001011000010110010011
00001111110000001111011000010111
00001000110001100010011000000011
10110000100111111111000011101111
00000000110000000000010100010011
00000000101001010000010100010011
00000001000000000000010110010011
00000000010001011000010110010011
00001111110000001111011000010111
00000111000001100010011000000011
10101110110111111111000011101111
00000000110000000000010100010011
00000000110001010000010100010011
00000001000000000000010110010011
00001111110000001111011000010111
00000101100001100010011000000011
00000000010001011000011010010011
10110011100111111111000011101111
00000000110000000000010100010011
00000000110001010000010100010011
00000001000000000000010110010011
00000000001101011000010110010011
00001111110000001111011000010111
00000011110001100010011000000011
10101011010111111111000011101111
00000000110000000000010100010011
00000000110101010000010100010011
00000001000000000000010110010011
00001111110000001111011000010111
00000010000001100010011000000011
10101001110111111111000011101111
00000000110000000000010100010011
00000000110101010000010100010011
00000001000000000000010110010011
00000000001001011000010110010011
00001111110000001111011000010111
00000000010001100010011000000011
10101000000111111111000011101111
00000000110000000000010100010011
00000000110101010000010100010011
00000001000000000000010110010011
00000000010001011000010110010011
00001111110000001111011000010111
11111110100001100010011000000011
10100110010111111111000011101111
00000000110000000000010100010011
00000000111001010000010100010011
00000001000000000000010110010011
00001111110000001111011000010111
11111101000001100010011000000011
00000000010001011000011010010011
10101011000111111111000011101111
00000000110000000000010100010011
00000000111001010000010100010011
00000001000000000000010110010011
00000000000101011000010110010011
00001111110000001111011000010111
11111011010001100010011000000011
10100010110111111111000011101111
00000000110000000000010100010011
00000001000001010000010100010011
00000001000000000000010110010011
00001111110000001111011000010111
11111001100001100010011000000011
00000000010001011000011010010011
10100111100111111111000011101111
00000000110000000000010100010011
00000001000001010000010100010011
00000001000000000000010110010011
00000000001101011000010110010011
00001111110000001111011000010111
11110111110001100010011000000011
10011111010111111111000011101111
00000000110000000000010100010011
00000001000101010000010100010011
00000001000000000000010110010011
00001111110000001111011000010111
11110110000001100010011000000011
10011101110111111111000011101111
00000000110000000000010100010011
00000001000101010000010100010011
00000001000000000000010110010011
00000000001001011000010110010011
00001111110000001111011000010111
11110100010001100010011000000011
10011100000111111111000011101111
00000000110000000000010100010011
00000001000101010000010100010011
00000001000000000000010110010011
00000000010001011000010110010011
00001111110000001111011000010111
11110010100001100010011000000011
10011010010111111111000011101111
00000000110000000000010100010011
00000001001001010000010100010011
00000001000000000000010110010011
00001111110000001111011000010111
11110001000001100010011000000011
00000000010001011000011010010011
10011111000111111111000011101111
00000000110000000000010100010011
00000001001001010000010100010011
00000001000000000000010110010011
00000000000101011000010110010011
00001111110000001111011000010111
11101111010001100010011000000011
10010110110111111111000011101111
00000000110000000000010100010011
00000001011101010000010100010011
00000001000000000000010110010011
00001111110000001111011000010111
11101101100001100010011000000011
00000000010001011000011010010011
10011011100111111111000011101111
00000000110000000000010100010011
00000001011001010000010100010011
00000001000000000000010110010011
00000000000101011000010110010011
00001111110000001111011000010111
11101011100001100010011000000011
10010011010111111111000011101111
00000000110000000000010100010011
00000001011001010000010100010011
00000001000000000000010110010011
00000000010001011000010110010011
00001111110000001111011000010111
11101001110001100010011000000011
00000000001001010000011010010011
10010011010111111111000011101111
00000000110000000000010100010011
00000001101101010000010100010011
00000001000000000000010110010011
00001111110000001111011000010111
11101000000001100010011000000011
00000000010001011000011010010011
10010110000111111111000011101111
00000000110000000000010100010011
00000001110101010000010100010011
00000001000000000000010110010011
00001111110000001111011000010111
11100110010001100010011000000011
00000000010001011000011010010011
10010100010111111111000011101111
00000000110000000000010100010011
00000001110001010000010100010011
00000001000000000000010110010011
00001111110000001111011000010111
11100100100001100010011000000011
10001100010111111111000011101111
00000000110000000000010100010011
00000001110001010000010100010011
00000001000000000000010110010011
00000000010001011000010110010011
00001111110000001111011000010111
11100010110001100010011000000011
10001010100111111111000011101111
00000000110000000000010100010011
00000001111101010000010100010011
00000001000000000000010110010011
00001111110000001111011000010111
11100001010001100010011000000011
00000000010001011000011010010011
10001111010111111111000011101111
00000000110000000000010100010011
00000010000101010000010100010011
00000001000000000000010110010011
00001111110000001111011000010111
11011111100001100010011000000011
00000000010001011000011010010011
10001101100111111111000011101111
00000000110000000000010100010011
00000010000101010000010100010011
00000001000000000000010110010011
00000000001001011000010110010011
00001111110000001111011000010111
11011101110001100010011000000011
10000101010111111111000011101111
00000000110000000000010100010011
00000010000001010000010100010011
00000001000000000000010110010011
00001111110000001111011000010111
11011100000001100010011000000011
10000011110111111111000011101111
00000000110000000000010100010011
00000010000001010000010100010011
00000001000000000000010110010011
00000000001001011000010110010011
00001111110000001111011000010111
11011010010001100010011000000011
10000010000111111111000011101111
00000000110000000000010100010011
00000010010001010000010100010011
00000001000000000000010110010011
00000000000101011000010110010011
00001111110000001111011000010111
11011000100001100010011000000011
10000000010111111111000011101111
00000000110000000000010100010011
00000010010101010000010100010011
00000001000000000000010110010011
00001111110000001111011000010111
11010111000001100010011000000011
00000000000101010000011010010011
10000000100111111111000011101111
00000000110000000000010100010011
00000010011101010000010100010011
00000001000000000000010110010011
00000000000101011000010110010011
00001111110000001111011000010111
11010101000001100010011000000011
11111100110011111111000011101111
00000000110000000000010100010011
00000010011001010000010100010011
00000001000000000000010110010011
00000000001001011000010110010011
00001111110000001111011000010111
11010011010001100010011000000011
11111011000011111111000011101111
00000000110000000000010100010011
00000010010101010000010100010011
00000001000000000000010110010011
00000000001101011000010110010011
00001111110000001111011000010111
11010001100001100010011000000011
11111001010011111111000011101111
00000000110000000000010100010011
00000010010001010000010100010011
00000001000000000000010110010011
00000000010001011000010110010011
00001111110000001111011000010111
11001111110001100010011000000011
00000000001101010000011010010011
11111001010011111111000011101111
00000000010000000000010100010011
00000001100000000000010110010011
00001111110000001111011000010111
11001110010001100010011000000011
00000000010001011000011010010011
11111100010011111111000011101111
00000000010000000000010100010011
00000000000101010000010100010011
00000001100000000000010110010011
00001111110000001111011000010111
11001100100001100010011000000011
11110100010011111111000011101111
00000000010000000000010100010011
00000000000101010000010100010011
00000001100000000000010110010011
00000000001001011000010110010011
00001111110000001111011000010111
11001010110001100010011000000011
11110010100011111111000011101111
00000000010000000000010100010011
00000000000101010000010100010011
00000001100000000000010110010011
00000000010001011000010110010011
00001111110000001111011000010111
11001001000001100010011000000011
11110000110011111111000011101111
00000000010000000000010100010011
00000000010101010000010100010011
00000001100000000000010110010011
00001111110000001111011000010111
11000111100001100010011000000011
00000000010001011000011010010011
11110101100011111111000011101111
00000000010000000000010100010011
00000000001101010000010100010011
00000001100000000000010110010011
00001111110000001111011000010111
11000101110001100010011000000011
00000000010001011000011010010011
11110011110011111111000011101111
00000000010000000000010100010011
00000000010101010000010100010011
00000001100000000000010110010011
00000000001001011000010110010011
00001111110000001111011000010111
11000100000001100010011000000011
11101011100011111111000011101111
00000000010000000000010100010011
00000000010001010000010100010011
00000001100000000000010110010011
00001111110000001111011000010111
11000010010001100010011000000011
11101010000011111111000011101111
00000000010000000000010100010011
00000000010001010000010100010011
00000001100000000000010110010011
00000000001001011000010110010011
00001111110000001111011000010111
11000000100001100010011000000011
11101000010011111111000011101111
00000000010000000000010100010011
00000000011101010000010100010011
00000001100000000000010110010011
00001111110000001111011000010111
10111111000001100010011000000011
00000000010001011000011010010011
11101101000011111111000011101111
00000000010000000000010100010011
00000000100001010000010100010011
00000001100000000000010110010011
00000000000101011000010110010011
00001111110000001111011000010111
10111101000001100010011000000011
11100100110011111111000011101111
00000000010000000000010100010011
00000000100101010000010100010011
00000001100000000000010110010011
00000000001001011000010110010011
00001111110000001111011000010111
10111011010001100010011000000011
11100011000011111111000011101111
00000000010000000000010100010011
00000000101001010000010100010011
00000001100000000000010110010011
00000000001101011000010110010011
00001111110000001111011000010111
10111001100001100010011000000011
11100001010011111111000011101111
00000000010000000000010100010011
00000000101101010000010100010011
00000001100000000000010110010011
00001111110000001111011000010111
10111000000001100010011000000011
00000000010001011000011010010011
11100110000011111111000011101111
00000000010000000000010100010011
00000000110101010000010100010011
00000001100000000000010110010011
00001111110000001111011000010111
10110110010001100010011000000011
00000000010001011000011010010011
11100100010011111111000011101111
00000000010000000000010100010011
00000000111001010000010100010011
00000001100000000000010110010011
00001111110000001111011000010111
10110100100001100010011000000011
11011100010011111111000011101111
00000000010000000000010100010011
00000000111001010000010100010011
00000001100000000000010110010011
00000000001001011000010110010011
00001111110000001111011000010111
10110010110001100010011000000011
11011010100011111111000011101111
00000000010000000000010100010011
00000000111001010000010100010011
00000001100000000000010110010011
00000000010001011000010110010011
00001111110000001111011000010111
10110001000001100010011000000011
11011000110011111111000011101111
00000000010000000000010100010011
00000001000001010000010100010011
00000001100000000000010110010011
00001111110000001111011000010111
10101111100001100010011000000011
00000000010001011000011010010011
11011101100011111111000011101111
00000000010000000000010100010011
00000001000001010000010100010011
00000001100000000000010110010011
00000000001101011000010110010011
00001111110000001111011000010111
10101101110001100010011000000011
11010101010011111111000011101111
00000000010000000000010100010011
00000001000101010000010100010011
00000001100000000000010110010011
00001111110000001111011000010111
10101100000001100010011000000011
11010011110011111111000011101111
00000000010000000000010100010011
00000001000101010000010100010011
00000001100000000000010110010011
00000000001001011000010110010011
00001111110000001111011000010111
10101010010001100010011000000011
11010010000011111111000011101111
00000000010000000000010100010011
00000001000101010000010100010011
00000001100000000000010110010011
00000000010001011000010110010011
00001111110000001111011000010111
10101000100001100010011000000011
11010000010011111111000011101111
00000000010000000000010100010011
00000001001001010000010100010011
00000001100000000000010110010011
00001111110000001111011000010111
10100111000001100010011000000011
00000000010001011000011010010011
11010101000011111111000011101111
00000000010000000000010100010011
00000001001001010000010100010011
00000001100000000000010110010011
00000000000101011000010110010011
00001111110000001111011000010111
10100101010001100010011000000011
11001100110011111111000011101111
00000000010000000000010100010011
00000001010001010000010100010011
00000001100000000000010110010011
00001111110000001111011000010111
10100011100001100010011000000011
00000000001001010000011010010011
11001101000011111111000011101111
00000000010000000000010100010011
00000001010101010000010100010011
00000001100000000000010110010011
00001111110000001111011000010111
10100001110001100010011000000011
00000000010001011000011010010011
11001111110011111111000011101111
00000000010000000000010100010011
00000001100001010000010100010011
00000001100000000000010110010011
00001111110000001111011000010111
10100000000001100010011000000011
00000000010001011000011010010011
11001110000011111111000011101111
00000000010000000000010100010011
00000001101001010000010100010011
00000001100000000000010110010011
00001111110000001111011000010111
10011110010001100010011000000011
00000000010001011000011010010011
11001100010011111111000011101111
00000000010000000000010100010011
00000001100101010000010100010011
00000001100000000000010110010011
00001111110000001111011000010111
10011100100001100010011000000011
11000100010011111111000011101111
00000000010000000000010100010011
00000001100101010000010100010011
00000001100000000000010110010011
00000000010001011000010110010011
00001111110000001111011000010111
10011010110001100010011000000011
11000010100011111111000011101111
00000000010000000000010100010011
00000010000001010000010100010011
00000001100000000000010110010011
00001111110000001111011000010111
10011001010001100010011000000011
00000000010001011000011010010011
11000111010011111111000011101111
00000000010000000000010100010011
00000001111001010000010100010011
00000001100000000000010110010011
00001111110000001111011000010111
10010111100001100010011000000011
00000000010001011000011010010011
11000101100011111111000011101111
00000000010000000000010100010011
00000010000001010000010100010011
00000001100000000000010110010011
00000000001001011000010110010011
00001111110000001111011000010111
10010101110001100010011000000011
10111101010011111111000011101111
00000000010000000000010100010011
00000001111101010000010100010011
00000001100000000000010110010011
00001111110000001111011000010111
10010100000001100010011000000011
10111011110011111111000011101111
00000000010000000000010100010011
00000001111101010000010100010011
00000001100000000000010110010011
00000000001001011000010110010011
00001111110000001111011000010111
10010010010001100010011000000011
10111010000011111111000011101111
00000000010000000000010100010011
00000010001001010000010100010011
00000001100000000000010110010011
00001111110000001111011000010111
10010000110001100010011000000011
00000000001001010000011010010011
10111010010011111111000011101111
00000000010000000000010100010011
00000010001101010000010100010011
00000001100000000000010110010011
00001111110000001111011000010111
10001111000001100010011000000011
00000000010001011000011010010011
10111101000011111111000011101111
00000000010000000000010100010011
00000010001001010000010100010011
00000001100000000000010110010011
00000000010001011000010110010011
00001111110000001111011000010111
10001101000001100010011000000011
00000000001001010000011010010011
10110110100011111111000011101111
00000000010000000000010100010011
00000010011001010000010100010011
00000001100000000000010110010011
00001111110000001111011000010111
10001011010001100010011000000011
00000000000101011000011010010011
10111001010011111111000011101111
00000000010000000000010100010011
00000010011101010000010100010011
00000001100000000000010110010011
00000000001001011000010110010011
00001111110000001111011000010111
10001001010001100010011000000011
00000000000101011000011010010011
10110111010011111111000011101111
00000000010000000000010100010011
00000010100001010000010100010011
00000001100000000000010110010011
00000000010001011000010110010011
00001111110000001111011000010111
10000111010001100010011000000011
10101111000011111111000011101111
00000000010000000000010100010011
00000010100101010000010100010011
00000001100000000000010110010011
00000000001001011000010110010011
00001111110000001111011000010111
10000101100001100010011000000011
00000000000101011000011010010011
10110011100011111111000011101111
00000000010000000000010100010011
00000010101001010000010100010011
00000001100000000000010110010011
00001111110000001111011000010111
10000011110001100010011000000011
00000000000101011000011010010011
10110001110011111111000011101111
00000000010000000000010100010011
00000010110001010000010100010011
00000001100000000000010110010011
00001111110000001111011000010111
10000010000001100010011000000011
00000000010001011000011010010011
10110000000011111111000011101111
00000000010000000000010100010011
00000010110101010000010100010011
00000001100000000000010110010011
00001111110000001111011000010111
10000000010001100010011000000011
10101000000011111111000011101111
00000000010000000000010100010011
00000010110101010000010100010011
00000001100000000000010110010011
00000000001001011000010110010011
00001111110000001110011000010111
01111110100001100010011000000011
10100110010011111111000011101111
00000000010000000000010100010011
00000010110101010000010100010011
00000001100000000000010110010011
00000000010001011000010110010011
00001111110000001110011000010111
01111100110001100010011000000011
10100100100011111111000011101111
00000000010000000000010100010011
00000011000101010000010100010011
00000001100000000000010110010011
00001111110000001110011000010111
01111011010001100010011000000011
00000000010001011000011010010011
10101001010011111111000011101111
00000000010000000000010100010011
00000010111101010000010100010011
00000001100000000000010110010011
00001111110000001110011000010111
01111001100001100010011000000011
00000000010001011000011010010011
10100111100011111111000011101111
00000000010000000000010100010011
00000011000101010000010100010011
00000001100000000000010110010011
00000000001001011000010110010011
00001111110000001110011000010111
01110111110001100010011000000011
10011111010011111111000011101111
00000000010000000000010100010011
00000011000001010000010100010011
00000001100000000000010110010011
00001111110000001110011000010111
01110110000001100010011000000011
10011101110011111111000011101111
00000000010000000000010100010011
00000011000001010000010100010011
00000001100000000000010110010011
00000000001001011000010110010011
00001111110000001110011000010111
01110100010001100010011000000011
10011100000011111111000011101111
00000000010000000000010100010011
00000011001101010000010100010011
00000001100000000000010110010011
00000000001101011000010110010011
00001111110000001110011000010111
01110010100001100010011000000011
00000000000101011000011010010011
10100000100011111111000011101111
00000000010000000000010100010011
00000011010001010000010100010011
00000001100000000000010110010011
00000000000101011000010110010011
00001111110000001110011000010111
01110000100001100010011000000011
00000000000101011000011010010011
10011110100011111111000011101111
00000000010000000000010100010011
00000011011001010000010100010011
00000001100000000000010110010011
00000000000101011000010110010011
00001111110000001110011000010111
01101110100001100010011000000011
00000000000101011000011010010011
10011100100011111111000011101111
00000000010000000000010100010011
00000011011101010000010100010011
00000001100000000000010110010011
00000000001101011000010110010011
00001111110000001110011000010111
01101100100001100010011000000011
00000000000101011000011010010011
10011010100011111111000011101111
00000000010000000000010100010011
00000011010101010000010100010011
00000001100000000000010110010011
00001111110000001110011000010111
01101010110001100010011000000011
10010010100011111111000011101111
00000000010000000000010100010011
00000011010001010000010100010011
00000001100000000000010110010011
00000000001101011000010110010011
00001111110000001110011000010111
01101001000001100010011000000011
00000000001001010000011010010011
10010010100011111111000011101111
00000000000000010010000010000011
00000000010000010000000100010011
00000000000000001000000001100111
11111111111111110000001010110111
00000000000000101010001000100011
00000000000000001000000001100111
11111111111111110000001010110111
00000000000000101010000000100011
00000000000000001000000001100111
00000000000000000000000001101111
